8793.90444367 -5.39226853 0.03087015
8793.90665848 -5.39226853 0.03087015
8793.91931993 -5.45983705 0.03087152
8793.92153504 -5.45983705 0.03087152
8794.09585492 -5.08910270 0.03087374
8794.09807031 -5.08910270 0.03087374
8794.91923872 -5.40450678 0.03087183
8794.92145614 -5.40450678 0.03087183
8795.12082808 -5.30266267 0.03087220
8795.12304576 -5.30266267 0.03087220
8795.25703613 -5.52945239 0.03087088
8795.25925459 -5.52945239 0.03087088
8796.07947303 -5.39912902 0.03087227
8796.08169321 -5.39912902 0.03087227
8796.25762264 -5.76130508 0.03087009
8796.25984349 -5.76130508 0.03087009
8796.91903354 -5.40462342 0.03087166
8796.92125545 -5.40462342 0.03087166
8797.08574214 -5.35962049 0.03087160
8797.08796429 -5.35962049 0.03087160
8797.64371897 -5.66257093 0.03087426
8797.64594183 -5.66257093 0.03087426
8797.91970637 -5.30369118 0.03087152
8797.92192904 -5.30369118 0.03087152
8797.92946363 -5.26412430 0.03087269
8797.93168632 -5.26412430 0.03087269
8798.08565910 -5.34584429 0.03087210
8798.08788294 -5.34584429 0.03087210
8799.52107395 -5.76313874 0.03087003
8799.52329834 -5.76313874 0.03087003
8801.08542472 -5.43464251 0.03087091
8801.08764928 -5.43464251 0.03087091
8801.58529265 -5.85679738 0.03087428
8801.58751741 -5.85679738 0.03087428
8803.08522117 -5.46130354 0.03087133
8803.08744493 -5.46130354 0.03087133
8803.91854061 -5.40677321 0.03087152
8803.92076298 -5.40677321 0.03087152
8805.56332225 -5.79381168 0.03087499
8805.56554207 -5.79381168 0.03087499
8805.95497749 -5.45798146 0.03087137
8805.95719652 -5.45798146 0.03087137
