2458793.90444367 -5.39226853 0.03087015
2458793.90665848 -5.39226853 0.03087015
2458793.91931993 -5.45983705 0.03087152
2458793.92153504 -5.45983705 0.03087152
2458794.09585492 -5.08910270 0.03087374
2458794.09807031 -5.08910270 0.03087374
2458794.91923872 -5.40450678 0.03087183
2458794.92145614 -5.40450678 0.03087183
2458795.12082808 -5.30266267 0.03087220
2458795.12304576 -5.30266267 0.03087220
2458795.25703613 -5.52945239 0.03087088
2458795.25925459 -5.52945239 0.03087088
2458796.07947303 -5.39912902 0.03087227
2458796.08169321 -5.39912902 0.03087227
2458796.25762264 -5.76130508 0.03087009
2458796.25984349 -5.76130508 0.03087009
2458796.91903354 -5.40462342 0.03087166
2458796.92125545 -5.40462342 0.03087166
2458797.08574214 -5.35962049 0.03087160
2458797.08796429 -5.35962049 0.03087160
2458797.64371897 -5.66257093 0.03087426
2458797.64594183 -5.66257093 0.03087426
2458797.91970637 -5.30369118 0.03087152
2458797.92192904 -5.30369118 0.03087152
2458797.92946363 -5.26412430 0.03087269
2458797.93168632 -5.26412430 0.03087269
2458798.08565910 -5.34584429 0.03087210
2458798.08788294 -5.34584429 0.03087210
2458799.52107395 -5.76313874 0.03087003
2458799.52329834 -5.76313874 0.03087003
2458801.08542472 -5.43464251 0.03087091
2458801.08764928 -5.43464251 0.03087091
2458801.58529265 -5.85679738 0.03087428
2458801.58751741 -5.85679738 0.03087428
2458803.08522117 -5.46130354 0.03087133
2458803.08744493 -5.46130354 0.03087133
2458803.91854061 -5.40677321 0.03087152
2458803.92076298 -5.40677321 0.03087152
2458805.56332225 -5.79381168 0.03087499
2458805.56554207 -5.79381168 0.03087499
2458805.95497749 -5.45798146 0.03087137
2458805.95719652 -5.45798146 0.03087137
