2458795.25666814 9.64628027 0.00650942
2458795.25882583 9.64628027 0.00650942
2458796.25738203 9.59184953 0.00656673
2458796.25954212 9.59184953 0.00656673
2458799.33937468 9.59735384 0.00648144
2458799.34153842 9.59735384 0.00648144
2458799.52082174 9.62305732 0.00656339
2458802.43634177 9.65655343 0.00645767
2458802.43850522 9.65655343 0.00645767
2458802.92874199 9.60971384 0.00660695
2458803.08490471 9.65563015 0.00653233
2458803.08706776 9.65563015 0.00653233
2458803.27132956 9.73797979 0.00648803
2458805.27194149 9.65533989 0.00651319
2458805.27410126 9.65533989 0.00651319
2458805.95466013 9.65358359 0.00655550
2458805.95681835 9.65358359 0.00655550
