2458795.25666814 -0.81611468 0.00650942
2458795.25882583 -0.81611468 0.00650942
2458796.25738203 -0.87054542 0.00656673
2458796.25954212 -0.87054542 0.00656673
2458799.33937468 -0.86504111 0.00648144
2458799.34153842 -0.86504111 0.00648144
2458799.52082174 -0.83933763 0.00656339
2458802.43634177 -0.80584152 0.00645767
2458802.43850522 -0.80584152 0.00645767
2458802.92874199 -0.85268111 0.00660695
2458803.08490471 -0.80676480 0.00653233
2458803.08706776 -0.80676480 0.00653233
2458803.27132956 -0.72441516 0.00648803
2458805.27194149 -0.80705506 0.00651319
2458805.27410126 -0.80705506 0.00651319
2458805.95466013 -0.80881136 0.00655550
2458805.95681835 -0.80881136 0.00655550
